1.000000000000000000e+02 1.016212121977324387e+04 5.081060609886621933e+02
1.041666666666666714e+02 1.046864924907815475e+04 5.234324624539077604e+02
1.083333333333333286e+02 1.203939932786059944e+04 6.019699663930299494e+02
1.125000000000000000e+02 1.155334010671012584e+04 5.776670053355063601e+02
1.166666666666666714e+02 1.299656124057361922e+04 6.498280620286809608e+02
1.208333333333333428e+02 1.506806447767746249e+04 7.534032238838731246e+02
1.250000000000000000e+02 1.560357529696260099e+04 7.801787648481300721e+02
1.291666666666666572e+02 1.515719976533754561e+04 7.578599882668772807e+02
1.333333333333333428e+02 1.805209129941843275e+04 9.026045649709217287e+02
1.375000000000000000e+02 1.855050151271688810e+04 9.275250756358444733e+02
1.416666666666666856e+02 1.933206115310064706e+04 9.666030576550324440e+02
1.458333333333333428e+02 2.274810652834177745e+04 1.137405326417088872e+03
1.500000000000000000e+02 2.408993246460618684e+04 1.204496623230309297e+03
1.541666666666666856e+02 2.265162611215075594e+04 1.132581305607537843e+03
1.583333333333333428e+02 2.596121158512536931e+04 1.298060579256268511e+03
1.625000000000000000e+02 2.524846993727262088e+04 1.262423496863631044e+03
1.666666666666666856e+02 2.873306524175733284e+04 1.436653262087866779e+03
1.708333333333333428e+02 2.842472935614801827e+04 1.421236467807400913e+03
1.750000000000000000e+02 3.202890869282641506e+04 1.601445434641320844e+03
1.791666666666666856e+02 3.100534969284928593e+04 1.550267484642464296e+03
1.833333333333333428e+02 3.376684242201322922e+04 1.688342121100661643e+03
1.875000000000000000e+02 3.674823932841827627e+04 1.837411966420913814e+03
1.916666666666666856e+02 3.708441609361678275e+04 1.854220804680839137e+03
1.958333333333333428e+02 3.906764955168130837e+04 1.953382477584065555e+03
2.000000000000000000e+02 4.085303526628672989e+04 2.042651763314336677e+03
